Drug Momweight Dadweight Pigweight
     1    133.55    172.97     71.99
     1    143.65    183.32     76.76
     1    130.27    186.53     72.22
     1    128.14    174.55     69.56
     1    128.21    182.79     73.48
     1    130.49    182.73     69.85
     1    138.06    180.96     75.19
     1    130.27    174.26     72.30
     1    127.17    180.01     74.90
    1    128.64    173.36     71.02
    1    120.86    185.49     72.22
    1    133.78    172.27     72.18
    1    126.63    180.81     74.83
    1    132.67    184.75     74.90
    1    122.54    179.71     72.54
    1    127.54    178.74     72.49
    1    127.16    187.58     72.35
    1    134.16    181.63     74.98
    1    119.17    168.62     66.67
    1    132.22    185.01     73.82
    1    134.39    172.81     76.71
    1    129.18    176.81     72.41
    1    125.38    194.72     76.62
    1    128.08    178.06     73.85
    1    139.64    178.92     74.94
    2    127.44    182.87     67.73
    2    129.16    181.75     70.19
    2    128.82    176.72     73.23
    2    129.12    183.04     71.44
    2    131.97    185.59     72.02
    2    123.15    173.30     70.24
    2    128.71    186.74     75.05
    2    136.41    166.95     68.86
    2    125.56    181.53     68.88
    2    130.04    178.63     69.60
    2    131.50    182.88     69.74
    2    128.22    179.73     71.38
    2    138.28    180.08     73.20
    2    124.34    179.08     71.11
    2    126.55    183.77     71.96
    2    132.40    180.86     72.87
    2    128.09    172.33     70.08
    2    138.36    185.36     75.46
    2    129.74    191.46     73.55
    2    137.52    183.00     76.49
    2    134.98    176.25     74.23
    2    128.07    189.87     73.65
    2    128.10    182.17     68.00
    2    128.63    194.97     75.50
    2    130.86    179.93     72.51
    3    130.70    177.37     72.80
    3    130.90    169.95     69.94
    3    133.71    184.13     73.57
    3    136.68    176.92     71.65
    3    131.83    189.25     75.88
    3    124.29    174.73     69.78
    3    129.31    182.91     71.29
    3    126.64    177.99     69.88
    3    129.19    175.17     67.52
    3    135.68    178.97     75.68
    3    130.10    186.77     75.73
    3    120.16    174.05     69.00
    3    129.33    179.93     73.26
    3    131.08    172.35     70.60
    3    129.22    187.50     74.91
    3    128.98    182.85     73.18
    3    136.38    168.42     75.28
    3    134.53    171.84     73.39
    3    132.53    166.46     68.84
    3    131.02    163.44     72.25
    3    126.22    174.93     73.64
    3    122.28    188.30     71.19
    3    130.08    183.83     69.31
    3    128.05    185.09     70.09
    3    126.45    178.43     72.79